-2.000000000000000000e+00 6.816612786078656283e-01
-1.959595959595959558e+00 2.424156875859594384e-01
-1.919191919191919116e+00 3.394196543893465701e-01
-1.878787878787878896e+00 7.676573638095569342e-03
-1.838383838383838453e+00 3.042571799330749394e-01
-1.797979797979798011e+00 -1.585629295563014962e-01
-1.757575757575757569e+00 1.439161706459652357e-01
-1.717171717171717127e+00 -5.036248203784556704e-02
-1.676767676767676685e+00 3.916460157047286783e-01
-1.636363636363636243e+00 -7.148462493906637683e-01
-1.595959595959596022e+00 -2.171203661275052932e-01
-1.555555555555555580e+00 -2.248624807695953354e-01
-1.515151515151515138e+00 -5.414082747490123193e-01
-1.474747474747474696e+00 -3.323968653623855518e-01
-1.434343434343434254e+00 7.123254084214415693e-03
-1.393939393939394034e+00 4.204950292543447876e-01
-1.353535353535353369e+00 -6.583947737899348285e-01
-1.313131313131313149e+00 -5.473337256764726488e-01
-1.272727272727272707e+00 7.635852195914902274e-02
-1.232323232323232265e+00 -1.549638410762016472e-01
-1.191919191919191823e+00 -3.805685995857163717e-01
-1.151515151515151381e+00 -4.980285878343278516e-01
-1.111111111111111160e+00 2.382766396400801401e-01
-1.070707070707070496e+00 -2.450193957058788563e-01
-1.030303030303030276e+00 -4.900993019986208399e-01
-9.898989898989898339e-01 7.582470606546565239e-01
-9.494949494949493918e-01 -7.729166222128308616e-02
-9.090909090909089496e-01 7.197418670616462233e-01
-8.686868686868685074e-01 1.592403597721577801e-01
-8.282828282828282873e-01 8.937582173217064607e-01
-7.878787878787878451e-01 4.030761204542098186e-01
-7.474747474747474030e-01 5.963865916237768294e-01
-7.070707070707069608e-01 8.722451939884492411e-01
-6.666666666666665186e-01 1.135886259978743151e+00
-6.262626262626260765e-01 1.274093474200372444e+00
-5.858585858585856343e-01 1.906915545657826394e+00
-5.454545454545454142e-01 2.062367495520073479e+00
-5.050505050505049720e-01 2.966903714947116022e+00
-4.646464646464645298e-01 2.054827382900619615e+00
-4.242424242424240877e-01 3.458730226899743077e+00
-3.838383838383836455e-01 3.184509479842574375e+00
-3.434343434343432033e-01 3.464544281659501124e+00
-3.030303030303029832e-01 4.306100295332763395e+00
-2.626262626262625410e-01 4.376064816941563684e+00
-2.222222222222220989e-01 4.488181161998293867e+00
-1.818181818181816567e-01 3.899772965622819054e+00
-1.414141414141412145e-01 3.966147605377011942e+00
-1.010101010101007724e-01 4.942235838877152787e+00
-6.060606060606055223e-02 5.217831261873615567e+00
-2.020202020202011006e-02 5.560808764750067468e+00
2.020202020202033211e-02 5.659443568891042275e+00
6.060606060606099632e-02 5.577142297599915644e+00
1.010101010101012164e-01 4.431400251891711939e+00
1.414141414141414366e-01 4.924270234971596771e+00
1.818181818181821008e-01 4.508204809051850503e+00
2.222222222222223209e-01 3.596455049517221614e+00
2.626262626262629851e-01 3.436217310756448651e+00
3.030303030303032052e-01 4.293975571606819308e+00
3.434343434343434254e-01 3.911164041002839209e+00
3.838383838383840896e-01 3.062830823746204967e+00
4.242424242424243097e-01 3.019412362611205047e+00
4.646464646464649739e-01 2.605459590754495292e+00
5.050505050505051940e-01 1.748249785738221984e+00
5.454545454545458583e-01 2.357806708429090570e+00
5.858585858585860784e-01 2.256744724119301271e+00
6.262626262626262985e-01 1.678428509649972478e+00
6.666666666666669627e-01 1.215523550946752351e+00
7.070707070707071829e-01 1.332809056867329200e+00
7.474747474747478471e-01 4.224115672390638121e-01
7.878787878787880672e-01 2.752630161397947584e-01
8.282828282828287314e-01 5.202475720850607832e-01
8.686868686868689515e-01 2.010763628216937215e-01
9.090909090909091717e-01 4.087673954355006134e-01
9.494949494949498359e-01 3.965913705752979745e-01
9.898989898989900560e-01 2.532509785997958396e-01
1.030303030303030720e+00 9.199402179481342978e-01
1.070707070707070940e+00 1.013371589208414969e-01
1.111111111111111160e+00 -2.461739975051870088e-01
1.151515151515151825e+00 7.396299019410471631e-01
1.191919191919192045e+00 4.396577114656849417e-02
1.232323232323232709e+00 6.220800644365349630e-01
1.272727272727272929e+00 -4.652703756014630460e-02
1.313131313131313593e+00 6.351085808934354704e-01
1.353535353535353813e+00 -3.147649788759142586e-01
1.393939393939394034e+00 -5.698891153049904235e-01
1.434343434343434698e+00 2.695149032977605177e-02
1.474747474747474918e+00 -5.424007972032413027e-01
1.515151515151515582e+00 -3.869749563777276080e-01
1.555555555555555802e+00 -4.522750345358183544e-01
1.595959595959596466e+00 5.431761596002757653e-01
1.636363636363636687e+00 2.868808575723269527e-01
1.676767676767676907e+00 1.904970088214323898e-01
1.717171717171717571e+00 7.269519768963107476e-01
1.757575757575757791e+00 1.259180060780988319e-01
1.797979797979798455e+00 -1.857205365937922570e-01
1.838383838383838675e+00 1.603313870722779810e-01
1.878787878787878896e+00 4.561555080363458581e-01
1.919191919191919560e+00 -9.922092285899448971e-02
1.959595959595959780e+00 -5.936500195925145107e-01
2.000000000000000000e+00 -5.182158361850857098e-01
