1.337945866805172017e-02 1.150700620768375752e-02 1.196691181900679489e-02 1.142119145795124358e-02 1.168629781593058872e-02 1.084408385514904101e-02 1.038767815512503176e-02 1.172816249303465334e-02 1.259356917952835463e-02 1.283664293085374705e-02 1.172840986580761004e-02 1.014733647083291765e-02 1.048370345973109567e-02 1.267572661398175086e-02 1.190186702649208977e-02 1.349920882918879093e-02 1.038604800124238135e-02 1.582147444985375351e-02 1.068681723793552321e-02 1.284085335048004359e-02
1.096562740033953619e-02 1.295701331110381271e-02 1.217167317884223707e-02 1.280671594849163743e-02 1.163073434015297197e-02 1.479307702215161384e-02 1.448291583618093598e-02 1.073358888608690054e-02 1.129625366931794050e-02 1.042053389332605121e-02 9.110796251297698795e-03 1.104516517647851498e-02 1.172181686056156767e-02 1.304538172679525938e-02 1.664290338739309039e-02 1.067915258080471934e-02 1.244174322372482155e-02 1.301869550006972548e-02 1.153496453289991862e-02 1.434050340253433843e-02
1.141091552333170500e-02 1.247154876457463347e-02 1.382841178446066188e-02 1.265412465286324187e-02 1.142313748304745087e-02 1.706575998370148811e-02 1.436088717089544463e-02 1.057264429846008040e-02 1.230483528667762096e-02 1.214479463642383940e-02 1.307469917453794872e-02 1.272773876874809182e-02 1.077025058868504893e-02 1.374151637276205436e-02 1.532822122016563524e-02 1.088482085513328181e-02 1.345662927302565537e-02 1.489127448964888689e-02 1.324100870123313782e-02 1.471332158186923478e-02
1.505781350782078691e-02 1.184869906850029818e-02 1.158566168506377884e-02 1.062768328705610520e-02 9.700085019731911201e-03 1.222539140367108999e-02 1.198959296524870939e-02 1.372812878696694910e-02 1.314912370383986180e-02 1.140436197445657100e-02 1.210506583843732643e-02 1.249383408007297656e-02 1.019626984692199000e-02 1.082602505635634621e-02 1.332791071077478809e-02 1.665912970765560941e-02 1.066651150925176927e-02 1.022941347219041668e-02 1.352616499930544940e-02 1.044914066157607083e-02
1.068028071259836953e-02 9.602266124758755336e-03 1.449016327132321078e-02 1.231505070588964287e-02 1.028790809822181102e-02 1.130552374431136042e-02 1.219178911111045913e-02 1.048266299155574052e-02 1.640463162852406551e-02 1.406010731477924658e-02 1.313703742345527677e-02 1.257907872672670360e-02 1.242882756338279521e-02 1.599354368952275382e-02 1.489879494076972247e-02 9.660905873411361477e-03 1.512022313556320337e-02 9.560180135615430064e-03 1.173871113380116175e-02 1.106190315010859536e-02
1.239958706049627130e-02 1.272709608732923610e-02 1.103205775653524900e-02 1.487671408507975322e-02 1.093280259704808299e-02 1.120782818316281432e-02 1.191391829993281720e-02 1.447324353776355960e-02 1.336098812745774994e-02 1.347405995917327209e-02 1.801792168487771628e-02 1.464624578213623123e-02 1.163066296471017454e-02 1.178737575037137192e-02 1.218093301048920815e-02 1.194370156746335856e-02 9.667829212610792866e-03 1.230702030636282411e-02 1.342639609932531723e-02 1.092137293059441093e-02
1.167977521995283013e-02 1.287120134038783822e-02 1.269173691563523984e-02 1.222892684430075712e-02 1.097508842344264816e-02 1.562164593406838338e-02 1.366060860302510324e-02 1.877886789399000472e-02 2.164602187283887896e-02 1.587329970698761125e-02 1.824571801250240641e-02 1.485030441326169390e-02 1.617864580476689393e-02 1.273114064625673406e-02 1.307885020013281607e-02 1.208700475995402347e-02 1.331289535233408546e-02 1.243735925446002623e-02 1.232252541145173810e-02 1.282048683377220478e-02
9.270179561202324114e-03 1.211531027792335687e-02 1.010992194517718913e-02 1.315985955695844756e-02 1.180526296074280168e-02 1.757316203504872068e-02 1.974231578510472415e-02 2.040401869777855315e-02 1.885131036118828027e-02 2.626161756625370464e-02 1.292702071218221165e-02 1.978130665955457612e-02 1.750229249521127392e-02 1.477683557116568278e-02 1.155377302171791722e-02 1.416612692121699789e-02 1.482462617748838210e-02 9.678430836590513897e-03 1.030450661469802312e-02 1.251278500168141565e-02
1.348499042296254224e-02 1.512693357059185714e-02 1.247136775494012834e-02 1.175949337750876664e-02 1.000923796737115262e-02 1.423814135206610820e-02 1.942062896189373361e-02 2.842359564858766563e-02 3.038472258315066260e-02 1.894878877819326443e-02 1.930191142946432667e-02 2.375992231369811192e-02 2.547574261756165373e-02 1.215217105824519667e-02 1.397520436782202259e-02 9.012455539910091407e-03 9.797898506054303694e-03 1.412780182358906039e-02 1.123652910858834522e-02 1.172986021155194084e-02
1.435869507527522126e-02 9.622680534090273519e-03 1.267458456869433037e-02 1.041925916528254822e-02 1.272457814477984117e-02 1.720159046575792453e-02 1.716568165974892771e-02 2.228238512108571268e-02 1.876842154959464451e-02 2.562925031949936719e-02 2.379667376496106060e-02 1.538793069057623440e-02 1.773275711980950783e-02 1.559381229653178207e-02 1.127119622953000333e-02 9.932039723667414333e-03 1.168093369489827879e-02 1.158674816954056129e-02 1.467972860823921373e-02 1.168817353216882772e-02
1.258266292116801133e-02 1.303251260750585248e-02 1.077888616302029139e-02 1.129098888690185411e-02 1.482129435541646237e-02 1.656119189087658719e-02 2.192962758798851219e-02 2.037222225735906694e-02 3.051277358979124707e-02 2.281790357537955699e-02 3.822730675909589287e-02 3.065618101312356236e-02 1.666548859731011023e-02 1.703768956571136486e-02 1.057693392909955267e-02 1.606506729894176602e-02 1.170042765625869952e-02 1.086456854727499075e-02 1.154790596320407620e-02 1.378285911105158260e-02
1.551476645438698045e-02 1.058633744080185457e-02 1.133278578985909626e-02 1.083752003833068044e-02 1.458443046367106574e-02 1.381099330583396463e-02 2.093885029361715333e-02 3.384438592233959125e-02 1.929128816180083333e-02 2.299091939814065094e-02 1.825568227921401179e-02 1.910487666463874315e-02 1.506475006857228155e-02 1.639140120944542964e-02 1.177459313593689702e-02 8.289639259040977592e-03 1.383844186243654573e-02 1.484359466062436760e-02 1.018679883907549523e-02 1.222441827054637602e-02
1.235715053980141441e-02 1.106661531965237588e-02 1.226445491664377406e-02 1.170707811521935933e-02 1.230995300026848163e-02 1.565535964299284363e-02 1.584348747948716510e-02 1.775179342231066743e-02 1.597660156830130532e-02 2.077900051234801010e-02 1.598833540808149156e-02 2.348146902151431945e-02 1.534258869524933976e-02 1.325611788555865027e-02 1.213458364062527939e-02 1.277492256849441753e-02 1.111149838539386703e-02 1.268774393650537631e-02 1.130549880089683733e-02 1.386210074941772973e-02
1.335275335200858567e-02 1.123620201751985952e-02 1.351755505068609475e-02 1.077338002970213218e-02 1.555480319854907895e-02 1.729374505648874003e-02 1.493310204442003901e-02 1.618109228791459950e-02 1.745987695084431218e-02 1.599438186112699112e-02 1.605398053997746100e-02 1.472006365502585845e-02 1.413118554972700794e-02 1.096982469206667435e-02 1.517525880911094888e-02 1.072376097724517946e-02 1.030546606076260946e-02 1.094219485576169298e-02 8.657560343447326043e-03 1.420057353262938436e-02
1.223288280970966785e-02 1.232556668175094523e-02 1.056423124251290070e-02 1.306374656858203843e-02 1.438482918083001071e-02 1.653584695653162809e-02 1.485063224380685741e-02 1.112983553367346591e-02 1.289812985658208948e-02 1.625195866968976582e-02 1.311246712421506276e-02 1.023845122970963757e-02 9.934006217333932534e-03 1.442768069554512152e-02 1.633596277250345258e-02 1.523656895710370947e-02 1.294922041836055887e-02 1.209488649373614139e-02 1.250347731468240235e-02 1.255945743690830251e-02
1.382795469486776917e-02 1.255701308665083636e-02 1.044535230145959143e-02 1.595458097521210844e-02 1.031395168788494000e-02 1.483322307501409518e-02 1.368218814645048680e-02 1.085121674952862700e-02 1.313260221570176044e-02 1.486215279258075797e-02 1.104595065108636420e-02 1.154741765160496002e-02 1.393367015110612110e-02 1.087137951331446778e-02 8.909095098564112289e-03 1.201967408974371175e-02 1.147101749919605951e-02 1.258718728909400363e-02 1.054348259941285948e-02 1.241484648465350504e-02
1.105932030716618407e-02 1.341776119582833993e-02 9.976232780975619052e-03 1.352117091595189322e-02 1.014427412280197692e-02 1.179726591067480415e-02 9.706337150750365961e-03 1.205440522375950119e-02 1.252386028836518540e-02 1.148796124947605059e-02 1.036265944193808311e-02 1.318417116792695506e-02 1.074755352372881029e-02 1.262450574220655951e-02 1.187830829384887987e-02 1.285958174237909063e-02 1.629968749240806591e-02 1.061391917296119689e-02 1.351691560114596374e-02 1.056136406161733120e-02
1.074512675000555140e-02 9.977612287050848655e-03 1.128810381224374347e-02 1.134846994427204762e-02 1.163824767861106578e-02 1.134155217591527841e-02 1.097537405638126899e-02 1.338886198624534771e-02 1.075392922478773071e-02 1.106764347936022713e-02 1.124463148988449034e-02 1.064859316552024468e-02 1.372322308009895318e-02 1.197496251239771499e-02 1.056902871299078561e-02 1.212676959412514570e-02 1.158534215085730429e-02 1.006046557283241799e-02 1.146530194508216943e-02 1.139138968448795593e-02
1.152463921300945701e-02 1.175531142444193392e-02 1.430740007741127147e-02 1.386781610173033058e-02 1.149057630873863943e-02 1.338404871786448742e-02 1.288931370159932498e-02 1.203230207493969327e-02 9.868912260442062531e-03 9.677052627817327862e-03 1.078200946201345219e-02 1.034302037414715734e-02 1.123183147919361302e-02 1.314159382985987355e-02 1.473951725194905943e-02 1.166698738703053802e-02 1.078417767276258245e-02 1.576097308716819384e-02 1.528279461875205018e-02 1.123601923795096609e-02
1.138203127125933870e-02 1.258724436622874442e-02 1.193471676453681032e-02 1.261099863732285942e-02 1.119694117446040985e-02 1.284263723445969521e-02 1.153663889098148314e-02 1.151230520607568128e-02 1.262613330053412482e-02 1.397098676266955372e-02 1.111468212124380565e-02 1.344823177881855625e-02 1.133242310725596225e-02 1.148370550138091105e-02 1.157607309257576919e-02 1.426869163241444721e-02 1.594892083126614457e-02 1.129639383298181032e-02 1.297546980568632484e-02 1.135442909186632973e-02
