1.000E-03 2.788E+03 
1.500E-03 9.420E+02 
1.560E-03 8.468E+02 
1.560E-03 2.749E+03 
2.000E-03 1.525E+03 
3.000E-03 5.193E+02 
4.000E-03 2.346E+02 
5.000E-03 1.249E+02 
6.000E-03 7.406E+01 
8.000E-03 3.211E+01 
1.000E-02 1.668E+01 
1.500E-02 5.074E+00 
2.000E-02 2.229E+00 
3.000E-02 7.750E-01 
4.000E-02 4.225E-01 
5.000E-02 2.952E-01 
6.000E-02 2.368E-01 
8.000E-02 1.858E-01 
1.000E-01 1.632E-01 
1.500E-01 1.370E-01 
2.000E-01 1.230E-01 
3.000E-01 1.055E-01 
4.000E-01 9.413E-02 
5.000E-01 8.579E-02 
6.000E-01 7.928E-02 
8.000E-01 6.957E-02 
1.000E+00 6.252E-02 
1.022E+00 6.185E-02 
1.250E+00 5.591E-02 
1.500E+00 5.091E-02 
2.000E+00 4.388E-02 
2.044E+00 4.338E-02 
3.000E+00 3.567E-02 
4.000E+00 3.103E-02 
5.000E+00 2.808E-02 
6.000E+00 2.607E-02 
7.000E+00 2.463E-02 
8.000E+00 2.355E-02 
9.000E+00 2.274E-02 
1.000E+01 2.210E-02 
1.100E+01 2.160E-02 
1.200E+01 2.120E-02 
1.300E+01 2.087E-02 
1.400E+01 2.061E-02 
1.500E+01 2.040E-02 
1.600E+01 2.023E-02 
1.800E+01 1.997E-02 
2.000E+01 1.981E-02