1.000E-03 4.230E+03 
1.500E-03 1.441E+03 
2.000E-03 6.542E+02 
3.000E-03 2.091E+02 
4.000E-03 9.174E+01 
4.038E-03 8.928E+01 
4.038E-03 3.723E+02 
5.000E-03 2.160E+02 
6.000E-03 1.326E+02 
8.000E-03 6.069E+01 
1.000E-02 3.264E+01 
1.500E-02 1.039E+01 
2.000E-02 4.601E+00 
3.000E-02 1.513E+00 
4.000E-02 7.408E-01 
5.000E-02 4.606E-01 
6.000E-02 3.340E-01 
8.000E-02 2.284E-01 
1.000E-01 1.863E-01 
1.500E-01 1.456E-01 
2.000E-01 1.279E-01 
3.000E-01 1.084E-01 
4.000E-01 9.630E-02 
5.000E-01 8.765E-02 
6.000E-01 8.092E-02 
8.000E-01 7.096E-02 
1.000E+00 6.375E-02 
1.022E+00 6.307E-02 
1.250E+00 5.700E-02 
1.500E+00 5.191E-02 
2.000E+00 4.477E-02 
2.044E+00 4.426E-02 
3.000E+00 3.648E-02 
4.000E+00 3.182E-02 
5.000E+00 2.887E-02 
6.000E+00 2.688E-02 
7.000E+00 2.545E-02 
8.000E+00 2.440E-02 
9.000E+00 2.361E-02 
1.000E+01 2.299E-02 
1.100E+01 2.251E-02 
1.200E+01 2.213E-02 
1.300E+01 2.182E-02 
1.400E+01 2.158E-02 
1.500E+01 2.139E-02 
1.600E+01 2.124E-02 
1.800E+01 2.102E-02 
2.000E+01 2.088E-02