1.000E-03 4.196E+03 
1.500E-03 1.446E+03 
2.000E-03 6.627E+02 
2.145E-03 5.459E+02 
2.145E-03 9.572E+02 
3.000E-03 4.034E+02 
4.000E-03 1.841E+02 
4.038E-03 1.794E+02 
4.038E-03 5.403E+02 
5.000E-03 3.131E+02 
6.000E-03 1.923E+02 
8.000E-03 8.786E+01 
1.000E-02 4.720E+01 
1.500E-02 1.494E+01 
2.000E-02 6.560E+00 
3.000E-02 2.099E+00 
4.000E-02 9.877E-01 
5.000E-02 5.867E-01 
6.000E-02 4.067E-01 
8.000E-02 2.589E-01 
1.000E-01 2.019E-01 
1.500E-01 1.501E-01 
2.000E-01 1.297E-01 
3.000E-01 1.087E-01 
4.000E-01 9.633E-02 
5.000E-01 8.755E-02 
6.000E-01 8.077E-02 
8.000E-01 7.077E-02 
1.000E+00 6.356E-02 
1.022E+00 6.288E-02 
1.250E+00 5.682E-02 
1.500E+00 5.177E-02 
2.000E+00 4.475E-02 
2.044E+00 4.426E-02 
3.000E+00 3.675E-02 
4.000E+00 3.237E-02 
5.000E+00 2.964E-02 
6.000E+00 2.785E-02 
7.000E+00 2.660E-02 
8.000E+00 2.571E-02 
9.000E+00 2.506E-02 
1.000E+01 2.458E-02 
1.100E+01 2.421E-02 
1.200E+01 2.394E-02 
1.300E+01 2.373E-02 
1.400E+01 2.358E-02 
1.500E+01 2.347E-02 
1.600E+01 2.340E-02 
1.800E+01 2.333E-02 
2.000E+01 2.333E-02 